0	0 0 10 00000 00000 00000 00000000 10101     0   [21] <- sw_i        
1	0 0 00   00000000000000000000101  10001     1   [17] <- 5           
2   0 0 00   00000000000000000000001  00010     2   [ 2] <- 1
3	0 1 00 11110 10101 10001 00000100 00000     3   J 13 if [21] <u [17]
6	0 0 01 00101 10001 00010 00000000 00001     6   [ 1] <- [17] >> 1   
9	0 0 01 00000 10101 00001 00000000 00001     9   [ 1] <- [21] + [ 1] 
10	1 0 00 00000 00000 00000 00000011 00000     10  J 17                
13	0 0 01 00101 10101 00010 00000000 00001     13  [ 1] <- [21] >> 1   
16	0 0 01 00000 10001 00001 00000000 00001     16  [ 1] <- [17] + [ 1] 
17	0 0 01 00000 00001 00000 00000000 00001     17  [ 1] <- [ 1] + 0    
